5603272084485
5603272162558
5603272226472
5603272226557
5603272227820
5603272227936
8720387517718
8720387517725
8720387517732
8720387517749
8720387517756
8720387517763
8720387517800
8720387517824
8720387517848
8720387517862
8720387517886
8720387517893
8720387517909
8720387517916
8720387517923
8720387517930
8720387517947
8720387517954
8720387517961
8720387517978
8720387517985
8720387517992
8720707630059
8720707630066
8720707630097
8720707630097; 9509759659572
8720707630103
8720707630110
8720707630127
8720707630134
8720707630141
8720707630158
8720707630158; 9504167319773
8720707630165
8720707630172
8720707630189
8720707630196
8720707630202
8720707630202; 9507527189832
8720707630219
8720707630226
8720707630233
8720707630240
8720707630257
8720707630264
8720707630264; 9502799617786
8720707630271
8720707630288
8720707630288; 9504141168120
8720707630349
8720707630387
8720707630400
8720707630424
8720707630448
8720707630462
8720707630479
8720707630486
8720707630493
8720707630509
8720707630516
8720707630523
8720707630530
8720707630547
8720707630554
8720707630561
8720707630578
8720707630639
8720707630677
8720707630691
8720707630714
8720707630738
8720707630752
8720707630769
8720707630776
8720707630783
8720707630790
8720707630806
8720707630813
8720707630820
8720707630837
8720707630844
8720707630851
8720707630868
8720707630929
8720707630967
8720707630981
8720707631001
8720707631025
8720707631049
8720707631056
8720707631063
8720707631070
8720707631087
8720707631094
8720707631100
8720707631117
8720707631124
8720707631131
8720707631148
8720707631155
8720707631216
8720707631216; 9507544335922
8720707631254
8720707631254; 9508299698881
8720707631278
8720707631278; 9504489773147
8720707631292
8720707631292; 9504527897484
8720707631315
8720707631339
8720707631339; 9501686447659
8720707631346
8720707631346; 9502387122937
8720707631353
8720707631360
8720707631377
8720707631377; 9502588615429
8720707631384
8720707631384; 9507355795557
8720707631391
8720707631407
8720707631407; 9502554333524
8720707631414
8720707631421
8720707631421; 9509852548889
8720707631438
8720707631438; 9502434324857
8720707631445
8720707631445; 9501185659171
8720707631797
8720707631834
8720707631858
8720707631872
8720707631896
8720707631919
8720707631926
8720707631933
8720707631940
8720707631957
8720707631964
8720707631971
8720707631988
8720707631995
8720707632008
8720707632015
8720707632022
8720707632398
8720707632404
8720707632411
8720707632428
8720707632435
8720707632442
8720707632459
8720707632466
8720707632473
8720707632480
8720707632497
8720707632503
8720707632510
8720707632527
8720707632534
8720707632541
8720707632558
8720707632565
8720707632572
8720707632589
8720707632596
8720707632602
8720707632619
8720707632626
8720707632633
8720707632640
8720707632657
8720707632664
8720707632671
8720707632688
8720707632695
8720707632701
8720707632718
8720707632725
8720707632732
8720707632749
8720707632756
8720707632763
8720707632770
8720707632787
8720707632794
8720707632800
8720707632817
8720707632824
8720707632831
8720707632848
8720707632855
8720707632862
8720707632879
8720707632886
8720707632893
8720707632909
8720707632916
8720707632923
8720707632930
8720707632947
8720707632954
8720707632961
8720707632978
8720707632985
8720707632992
8720707633005
8720707633012
8720707633029
8720707633036
8720707633043
8720707633050
8720707633067
8720707633074
8720707633081
8720707633098
8720707633104
8720707633111
8720707633128
8720707633135
8720707633142
8720707633159
8720707633166
8720707633180
8720707633197
8720707633203
8720707633210
8720707633227
8720707633234
8720707633241
8720707633258
8720707633265
8720707633319
8720707633326
8720707633333
8720707633340
8720707633357
8720707633364
8720707633371
8720707633388
8720707633395
8720707633401
8720707633418
8720707633425
8720707633432
8720707633449
8720707633456
8720707633463
8720707633470
8720707633487
8720707633494
8720707633500
8720707633517
8720707633524
8720707633531
8720707634262
8720707634279
8720707634293
8720707634309
8720707634347
8720707634361
8720707634385
8720707634408
8720707634422
8720707634439
8720707634446
8720707634453
8720707634460
8720707634477
8720707634484
8720707634491
8720707634507
8720707634514
8720707634521
8720707634538
8720707634804
8720707634804; 9505738945988
8720707634828
8720707634835
8720707634842
8720707634859
8720707634866
8720707634941
8720707634965
8720707634972
8720707634989
8720707634996
8720707635009
8720707635085
8720707635108
8720707635115
8720707635122
8720707635139
8720707635146
8720707635719
8720707635726
8720707635733
8720707635740
8720707635757
8720707635764
8720707635771
8720707635795
8720707635801
8720707635818
8720707635825
8720707635924
8720707635931
8720707635948
8720707635955
8720707635962
8720707635979
8720707635986
8720707635993
8720707636006
8720707636013
8720707636020
8720707636037
8720707636044
8720707636051
8720707636068
8720707636075
8720707636082
8720707636099
8720707636105
8720707636112
8720707636129
8720707636136
8720707636143
8720707636150
8720707636167
8720707636174
8720707636181
8720707636198
8720707636204
8720707636211
8720707636228
8720707636235
8720707636242
8720707636259
8720707636266
8720707636273
8720707636280
8720707636297
8720707636303
8720707636310
8720707636327
8720707636334
8720707636341
8720707636358
8720707636365
8720707636372
8720707636389
8720707636396
8720707636402
8720707636419
8720707636426
8720707636433
8720707636440
8720707636457
8720707636464
8720707636471
8720707636488
8720707636495
8720707636501
8720707636518
8720707636525
8720707636532
8720707636549
8720707636556
8720707636563
8720707636570
8720707636594
8720707636600
8720707636617
8720707636624
8720707636631
8720707636648
8720707636655
8720707636662
8720707636679
8720707636686
8720707636693
8720707636709
8720707636716
8720707636723
8720707636754
8720707636761
8720707636778
8720707636785
8720707636792
8720707636808
8720707636815
8720707636853
8720707636860
8720707636877
8720707636884
8720707636891
8720707636907
8720707636914
8720707636921
9501114477449
9501116996528
9501122761165
9501122983826
9501124745866
9501127429787
9501133348669
9501139276232
9501141734928
9501141959185
9501146334833
9501149865945
9501155589644
9501156395350
9501157253956
9501161994920
9501166441115
9501168479314
9501169262120
9501177118136
9501193351333
9501194131484
9501197355924
9501213924431
9501214819392
9501221695514
9501222942617
9501229511649
9501229942634
9501231559189
9501233942590
9501236895619
9501242632741
9501243951858
9501245667825
9501248624832
9501256758468
9501257498233
9501257627688
9501258367330
9501259933817
9501264352467
9501269777623
9501276889654
9501277916137
9501279761278
9501281892359
9501282869466
9501284279393
9501286548459
9501288423648
9501294158930
9501311693710
9501316237230
9501319341736
9501321673962
9501324983136
9501326822457
9501327966136
9501329476190
9501336834259
9501345418457
9501346569790
9501346778529
9501356847468
9501361751460
9501367477777
9501372675359
9501379688499
9501393592642
9501399614713
9501411295869
9501411734825
9501412518936
9501413449185
9501415723658
9501417719277
9501419569139
9501421762191
9501428866526
9501429191412
9501431272949
9501431367829
9501435515776
9501435821761
9501436588519
9501438115737
9501439564985
9501445224941
9501449321677
9501453234598
9501453498457
9501458742395
9501458886921
9501459956197
9501461268554
9501468843297
9501473762637
9501473952359
9501478147132
9501478495929
9501479462272
9501483233929
9501486311389
9501495532744
9501497519170
9501498561611
9501499326738
9501511562847
9501512631757
9501523528879
9501524224534
9501528837716
9501529413995
9501529584367
9501532499153
9501546798778
9501547578881
9501549567432
9501554357356
9501558546671
9501561364651
9501562549514
9501563377253
9501563438855
9501567451638
9501572569595
9501583982413
9501584315951
9501584478786
9501591634557
9501592797428
9501593114248
9501593165141
9501593834122
9501594934340
9501612488794
9501615332285
9501615932683
9501618686217
9501623689715
9501625292630
9501627676995
9501628783456
9501629813183
9501633357468
9501641727345
9501648733783
9501654887241
9501656252955
9501658729264
9501659448584
9501662257593
9501662467466
9501666395437
9501666433146
9501666972195
9501671685226
9501676689465
9501676979412
9501686233344
9501689723941
9501692727394
9501694116677
9501713247887
9501717313496
9501717535157
9501725691272
9501726931759
9501741963490
9501754691199
9501755381778
9501755981763
9501757717230
9501757998363
9501761411933
9501762571988
9501767644656
9501768431712
9501771771522
9501774873520
9501775533621
9501789982361
9501791934693
9501793851981
9501794329533
9501794333967
9501795799267
9501813612240
9501814169842
9501816589129
9501819495120
9501825735142
9501825757823
9501828181410
9501828752481
9501836591171
9501839688489
9501842491823
9501842859586
9501843337557
9501843371773
9501849196523
9501853483763
9501854515760
9501858511997
9501862234219
9501863539948
9501867631822
9501871878725
9501872458896
9501873358997
9501873727281
9501877854563
9501881149143
9501882526363
9501883452715
9501891284674
9501891299852
9501891585948
9501895332937
9501895517945
9501897133549
9501897628212
9501912839197
9501913875743
9501913979175
9501921399415
9501921888612
9501922112464
9501922411550
9501922464228
9501922773214
9501923451432
9501927821194
9501932679537
9501933564573
9501935376914
9501936264418
9501937115849
9501938538586
9501941522138
9501943647532
9501947144174
9501948584740
9501949522154
9501951457376
9501953882725
9501955156169
9501959486484
9501973848893
9501976584521
9501982857268
9501982927312
9501983243299
9501983346365
9501987795640
9501989548442
9501994513282
9501998912524
9502111775729
9502113957239
9502114997432
9502115758247
9502116778480
9502121433459
9502123742641
9502124982596
9502128747115
9502132261768
9502141316435
9502141978954
9502144159466
9502145647658
9502146417465
9502148915419
9502149689661
9502152727213
9502152874993
9502154349796
9502154427388
9502155542486
9502161951982
9502164645680
9502182264498
9502183549396
9502191232921
9502194953717
9502199847127
9502213679871
9502214696631
9502218456743
9502218535646
9502218582428
9502226411611
9502227527687
9502234431243
9502235196585
9502241875979
9502251469724
9502256639825
9502256835456
9502257984481
9502264541622
9502271881391
9502274749599
9502286536460
9502288584940
9502299396327
9502314249782
9502322345681
9502344547629
9502345254243
9502347668635
9502349858683
9502351171794
9502359198731
9502363624837
9502366824944
9502369642781
9502373448393
9502375655294
9502376481892
9502376687256
9502381212429
9502383354592
9502387114925
9502388591947
9502394382119
9502412818491
9502414361674
9502416755273
9502418482368
9502421721553
9502422463223
9502424944836
9502428972491
9502431641858
9502437223980
9502437359399
9502437619622
9502439136394
9502439921372
9502444763486
9502455755364
9502459321176
9502461164488
9502462213277
9502463415311
9502463961849
9502464253394
9502466618894
9502481264915
9502485882863
9502486949992
9502491926988
9502492522578
9502494867868
9502495591830
9502497167514
9502499481380
9502513666625
9502516189848
9502519233616
9502521522531
9502521886732
9502524141616
9502526869440
9502528454132
9502529216937
9502541646880
9502547726586
9502548142927
9502553786437
9502554141426
9502556488277
9502566687660
9502568516142
9502569251769
9502571546273
9502572146113
9502573513884
9502575116380
9502579689521
9502585461760
9502587327910
9502588299292
9502588776311
9502596173492
9502597642959
9502597786448
9502598369343
9502598741910
9502611355735
9502612331158
9502617851583
9502626693297
9502626963413
9502631936211
9502635534710
9502641366183
9502645436929
9502651683911
9502656239922
9502658935990
9502665881587
9502666147651
9502669652145
9502675344737
9502675578941
9502677766810
9502678172641
9502684384137
9502685439973
9502688375339
9502695387820
9502695768476
9502699274935
9502699543130
9502712776446
9502715544882
9502719281493
9502719459830
9502719771352
9502725387516
9502726245686
9502726457430
9502731235740
9502734175760
9502736966328
9502738489283
9502741896740
9502752151845
9502752973126
9502753761623
9502761413354
9502763473790
9502764838123
9502771823624
9502772946483
9502776731337
9502785553883
9502791527168
9502796234283
9502799921999
9502811965871
9502814681365
9502816729898
9502819624886
9502821882731
9502823234736
9502826369787
9502827273595
9502831529282
9502831548139
9502833478854
9502835962238
9502841581867
9502842873183
9502843364536
9502849142794
9502854395321
9502854711145
9502861576560
9502864629188
9502866178240
9502869323333
9502873843841
9502874347874
9502874428283
9502874887714
9502878586347
9502878955679
9502881536643
9502882278931
9502882494812
9502885784750
9502886331557
9502887854154
9502888486286
9502892173837
9502896157475
9502896344363
9502896534320
9502897123776
9502897442860
9502912841623
9502913253791
9502913636273
9502916571632
9502921733520
9502924795167
9502925598521
9502925979221
9502926497434
9502934147369
9502934641430
9502945487522
9502948681422
9502952579357
9502952695569
9502954322555
9502954978165
9502957948677
9502958553887
9502959446683
9502966469682
9502969335670
9502971651546
9502972236933
9502973533925
9502974773146
9502977243585
9502978928511
9502979379442
9502981612889
9502987373548
9502992163585
9502993672321
9502994225816
9502996242736
9502999183821
9503115851471
9503115888637
9503118466566
9503119164362
9503119414429
9503122128450
9503124429166
9503132417230
9503132932726
9503149279975
9503149391677
9503149513444
9503155164296
9503155328384
9503157113575
9503158734229
9503162321392
9503163536818
9503164949563
9503165858413
9503172887451
9503173462930
9503174339934
9503176115918
9503189876295
9503192762547
9503195473334
9503216427841
9503221399584
9503222321560
9503223536451
9503223757726
9503232165345
9503238451381
9503238725543
9503241952677
9503245519739
9503247772569
9503252885216
9503254475590
9503255365449
9503256371265
9503259333826
9503261929338
9503262279241
9503265617156
9503267728966
9503271595813
9503271619137
9503273376762
9503276575933
9503277664551
9503281723510
9503284398111
9503295131776
9503295165115
9503317173524
9503318516382
9503324777111
9503324819774
9503327785526
9503334599574
9503335355421
9503342991896
9503344419817
9503348958725
9503354924783
9503355857349
9503356788567
9503363353970
9503363752797
9503377433866
9503381193251
9503382942438
9503383778326
9503387373787
9503396979765
9503412282664
9503414928485
9503415138159
9503416396251
9503422853472
9503427737999
9503431574283
9503434126861
9503435869521
9503444524510
9503444596524
9503444696781
9503445631163
9503447584221
9503453338818
9503454874124
9503455692352
9503455948961
9503467852690
9503467861227
9503476635291
9503478395865
9503481199269
9503481244969
9503486872334
9503491364619
9503492986544
9503498723570
9503512824825
9503514418367
9503514436613
9503515115838
9503522524692
9503522823948
9503523377921
9503534185997
9503534734621
9503541894493
9503545856183
9503548811813
9503551595656
9503561463976
9503563271432
9503566448640
9503571333368
9503573344669
9503585343223
9503585641367
9503588734332
9503591645328
9503594211650
9503596619720
9503616139917
9503622699825
9503623722881
9503628783955
9503635368534
9503635398685
9503636925392
9503638425920
9503641395494
9503642223727
9503645181345
9503646248689
9503646267130
9503647447739
9503652492533
9503654672636
9503661327482
9503663883382
9503666865637
9503668757510
9503677523144
9503681139386
9503681498964
9503681648369
9503683981372
9503695329421
9503698857235
9503713818975
9503715968364
9503718766110
9503726933351
9503735365280
9503736981120
9503741196175
9503746495228
9503748468954
9503749574340
9503753636416
9503759628637
9503759678960
9503759796589
9503762637831
9503763145977
9503766869559
9503768557836
9503771925387
9503772232958
9503773527435
9503784412614
9503792425736
9503793675482
9503812889647
9503813174612
9503813359293
9503814191151
9503815192584
9503816398763
9503821859235
9503823513425
9503827131311
9503831942194
9503834721390
9503834829225
9503835673889
9503839528291
9503845397447
9503846372429
9503852899873
9503861877510
9503861999496
9503862343588
9503866431625
9503868115998
9503876472687
9503877559998
9503887153148
9503888272435
9503889763581
9503893447279
9503895327999
9503896772736
9503899264917
9503914549616
9503922467193
9503925742341
9503934188833
9503938167254
9503938381513
9503941644353
9503943598937
9503943818417
9503948171890
9503951141354
9503956547489
9503958889297
9503963791233
9503974878152
9503975118172
9503981186622
9503983254534
9503984343787
9503988946786
9503996441358
9503998636974
9504111386639
9504113415696
9504113786727
9504114341444
9504117272479
9504119181939
9504119559134
9504124164880
9504128848595
9504134473545
9504134477390
9504135638516
9504138365266
9504143312187
9504147663353
9504151262535
9504164158597
9504166566185
9504167248752
9504171735613
9504179587825
9504181824413
9504182932223
9504184591527
9504185447380
9504197934243
9504211475769
9504219615679
9504223159725
9504227767650
9504227821413
9504237737865
9504239733926
9504244655893
9504245381692
9504245525232
9504246333843
9504247351730
9504251928379
9504268296348
9504269167999
9504272763737
9504276583911
9504287255715
9504291994570
9504293266132
9504295623889
9504297346113
9504298658260
9504299312574
9504314314583
9504315287381
9504316376688
9504323239358
9504327864891
9504341999265
9504346539756
9504353282218
9504353445668
9504354119544
9504372724713
9504374497332
9504375595723
9504378145413
9504378853769
9504383722982
9504386635180
9504388347289
9504391674792
9504392662194
9504399496822
9504399549658
9504411618737
9504411966418
9504418224849
9504419888873
9504419994765
9504422342249
9504425235494
9504434743942
9504437254759
9504441248614
9504442984580
9504444333683
9504444661854
9504449251166
9504449326451
9504451819934
9504458185476
9504462462297
9504471885674
9504472753651
9504474992850
9504475988234
9504476484643
9504478476813
9504478796294
9504479346979
9504481349289
9504484211132
9504484577474
9504486274111
9504487828269
9504497428275
9504511514526
9504511793396
9504515568594
9504522857230
9504523716772
9504524697865
9504526327425
9504527542988
9504536994464
9504537553363
9504538452252
9504538856685
9504542418220
9504542653744
9504543927783
9504546576131
9504547939164
9504548551624
9504549222493
9504557155837
9504561191197
9504561574518
9504562297485
9504563361734
9504567688325
9504569845283
9504578315487
9504584655119
9504584889569
9504584898356
9504589362760
9504599611766
9504613421432
9504614433793
9504625558164
9504629824265
9504633328827
9504633649137
9504636278655
9504637338167
9504637937360
9504641296972
9504643273926
9504651368331
9504655685885
9504658586585
9504664255116
9504664493662
9504665786473
9504672282685
9504677319652
9504678433890
9504684422635
9504685455311
9504691272926
9504691668170
9504695343394
9504699193575
9504717288825
9504721868174
9504726221967
9504727962227
9504735249532
9504736155290
9504736458216
9504736626363
9504742771545
9504744423190
9504753664836
9504754368139
9504755672730
9504761572598
9504768324381
9504768351271
9504768585133
9504768864719
9504769438476
9504769677561
9504773826375
9504774167460
9504776678186
9504782478732
9504785669489
9504786368411
9504787887713
9504788855834
9504792291314
9504797642128
9504797894794
9504798658319
9504799357792
9504799598379
9504799855977
9504813131162
9504816388549
9504816815267
9504819135454
9504825688937
9504835154828
9504837281379
9504845776843
9504847517673
9504849822188
9504851995191
9504854292952
9504855316978
9504857233488
9504858117749
9504862847649
9504863771844
9504864198961
9504868246149
9504868814683
9504869278415
9504873658173
9504875155489
9504876919448
9504877632445
9504887223190
9504888595142
9504894269365
9504894323371
9504895951429
9504896968631
9504898437692
9504912493918
9504914876658
9504915157565
9504918275655
9504921357225
9504924921386
9504924925971
9504931818679
9504932751197
9504936841245
9504943386821
9504948559848
9504949545567
9504949819828
9504952364841
9504953861776
9504953866498
9504955919239
9504956147679
9504957636912
9504957933219
9504969273310
9504969449715
9504972733467
9504974354677
9504979338894
9504984693889
9504987622565
9504987673444
9504989938268
9504991954744
9504994176587
9504994488543
9505114425752
9505117197687
9505123196339
9505124418799
9505125582567
9505129588671
9505133614427
9505135423843
9505139844767
9505145934278
9505151168193
9505158513675
9505158632758
9505159541172
9505164865652
9505169289170
9505171524511
9505179966344
9505186877626
9505187191165
9505198963492
9505213289286
9505214348494
9505222839861
9505223613378
9505227376927
9505231432831
9505232625539
9505235337163
9505235379514
9505235785711
9505241293484
9505242272594
9505244623912
9505248653694
9505249693385
9505254168991
9505257552469
9505259984985
9505264211595
9505269384157
9505273687732
9505273697755
9505276972583
9505278149969
9505291351530
9505292332231
9505294973340
9505297565832
9505318161272
9505327197644
9505333114895
9505333191858
9505333417927
9505336544996
9505337686862
9505343665516
9505343922718
9505344283665
9505345924857
9505349254479
9505354126297
9505354976311
9505359322717
9505362298993
9505362551418
9505362642376
9505367351723
9505371532538
9505374355462
9505377859387
9505379964744
9505381193125
9505385441697
9505393558110
9505395433484
9505396319190
9505399239495
9505415615937
9505416736716
9505416743790
9505418442165
9505418824244
9505424448427
9505424638262
9505432648659
9505434944599
9505437993532
9505438443951
9505439194432
9505441777517
9505443347633
9505443994882
9505449337164
9505451168176
9505451516717
9505453874358
9505465943486
9505466831485
9505469783248
9505471776924
9505481121134
9505486295595
9505486945476
9505489423438
9505491725889
9505494462668
9505511921147
9505513354417
9505518496549
9505518526666
9505527249587
9505527284991
9505535721815
9505536876361
9505541199585
9505545974614
9505549527922
9505561951729
9505562768937
9505563475933
9505564739515
9505565911354
9505568539678
9505569775723
9505571318932
9505572361418
9505572734489
9505574641822
9505576399486
9505581262515
9505583732719
9505593982524
9505596216855
9505596588914
9505596618284
9505597888761
9505611423626
9505615986837
9505618966140
9505621524887
9505621543819
9505622928868
9505623986881
9505624114443
9505631261116
9505631868520
9505632737511
9505634528711
9505634589187
9505639594292
9505647451358
9505651593341
9505656694395
9505658541697
9505661226635
9505662633999
9505667353564
9505669958538
9505691557952
9505692523192
9505694143961
9505694537579
9505695295799
9505695897733
9505696482181
9505697423633
9505697854536
9505697888487
9505715385738
9505718125539
9505718869495
9505722453345
9505724373221
9505733535795
9505734128477
9505735465489
9505741213685
9505745458433
9505745543269
9505745544686
9505753876267
9505757258649
9505759166218
9505762649227
9505764579553
9505765748873
9505767814323
9505769147573
9505772368132
9505777445586
9505779571832
9505781134186
9505782349381
9505783213629
9505787376757
9505795361981
9505795647146
9505797576475
9505811447569
9505814565765
9505818693594
9505819878471
9505821416326
9505824456916
9505828253382
9505832822659
9505833681712
9505833822375
9505834919746
9505841724692
9505852548775
9505853332731
9505858281218
9505862632563
9505863497840
9505866496789
9505867136714
9505869141327
9505873852875
9505879858659
9505885797133
9505889219778
9505896472838
9505915851224
9505919861243
9505922271725
9505923277931
9505924277718
9505924485410
9505925828117
9505936938843
9505945142361
9505945372140
9505947638565
9505948835192
9505951182764
9505953376840
9505959789378
9505959926322
9505961463686
9505964144636
9505971642927
9505978646683
9505981577592
9505983834884
9505983946884
9505984299583
9505988156134
9505988313452
9505989834437
9505989837780
9505997521879
9505998856369
9505998984765
9506124966341
9506125527688
9506127991982
9506128357176
9506134618360
9506134993788
9506135444555
9506136349194
9506137563339
9506143284594
9506153557213
9506154448664
9506157176199
9506163747468
9506163972150
9506165833244
9506168829688
9506168986565
9506169492829
9506173893995
9506176281577
9506182511392
9506187154921
9506188447763
9506194397243
9506197292255
9506198272720
9506218369256
9506229386624
9506229542419
9506231214465
9506232966592
9506233932947
9506235562685
9506237532280
9506238718423
9506239464756
9506242718884
9506243526273
9506248685944
9506254236765
9506254829790
9506255215486
9506259158468
9506262743453
9506263819942
9506265389283
9506265415432
9506272993428
9506274157699
9506278236680
9506281612112
9506284749860
9506289744563
9506291596914
9506293773528
9506293878438
9506295438487
9506298467491
9506299295192
9506299988674
9506322215548
9506323678694
9506325653484
9506334442369
9506335159815
9506335656475
9506336188340
9506338449968
9506342644212
9506343236942
9506344759297
9506351858679
9506352785196
9506353311554
9506353694497
9506355586639
9506355884322
9506358284853
9506361341710
9506363655563
9506366944183
9506372523495
9506372961662
9506376675664
9506381188685
9506386663590
9506391162958
9506392999942
9506398228831
9506412426670
9506417368692
9506418319716
9506422749448
9506424763923
9506426895875
9506426983725
9506428571562
9506434293564
9506434735583
9506438456248
9506442493741
9506443434729
9506444137186
9506447327737
9506448187972
9506458739475
9506459571265
9506463431944
9506463585913
9506471236111
9506472359239
9506483416877
9506488556745
9506488557933
9506491227281
9506491722779
9506494277740
9506496119291
9506496341951
9506512664767
9506516888480
9506519227149
9506519281967
9506524554346
9506526727281
9506527562157
9506528613865
9506545529712
9506547468514
9506547784645
9506549892973
9506553452767
9506555673436
9506561936778
9506562645310
9506565252737
9506565536271
9506566886726
9506581666266
9506583999393
9506586183133
9506587326249
9506588973862
9506591858163
9506591982417
9506595413429
9506598615158
9506598755434
9506599192429
9506614297146
9506614353132
9506619395885
9506623596391
9506634828764
9506635244686
9506638249589
9506638939848
9506639752392
9506643413715
9506645326723
9506646346928
9506646528973
9506651359944
9506653184827
9506656831438
9506656979338
9506657543415
9506658616637
9506659134840
9506676582990
9506681832288
9506684143336
9506685357268
9506686666130
9506686747976
9506691588915
9506693612595
9506693674746
9506697547411
9506699588511
9506727166919
9506744273461
9506755279216
9506755794399
9506758189697
9506763545280
9506764635386
9506772391915
9506773959152
9506779213418
9506779856288
9506783566678
9506785551122
9506785961921
9506789946313
9506791386329
9506791859151
9506792271785
9506794591881
9506794732741
9506794962599
9506798472285
9506811584254
9506813871628
9506822169518
9506824995351
9506826251752
9506832144666
9506834229545
9506834616642
9506835832218
9506836315246
9506836772278
9506852234989
9506852394980
9506855966160
9506856824285
9506864223117
9506865889923
9506867131891
9506874961788
9506874991525
9506878974272
9506881218226
9506882397142
9506883651861
9506885442139
9506887176872
9506888945262
9506893966955
9506898237890
9506898885954
9506899138677
9506915513488
9506916458955
9506919927311
9506927676959
9506929595159
9506931528688
9506932649719
9506933341230
9506937517884
9506938323262
9506939658394
9506942983469
9506943571412
9506947123389
9506948567885
9506951526916
9506957491256
9506957721537
9506958557654
9506958889168
9506959571369
9506961369138
9506963841939
9506976125170
9506982647529
9506987284996
9506989116356
9506993171464
9506993967197
9506994272832
9506994315287
9506997663484
9506998965419
9507111194891
9507111755474
9507112197419
9507125129438
9507129233582
9507136446180
9507146155157
9507146937418
9507158858930
9507159551472
9507162468590
9507163717642
9507164954947
9507167145687
9507173561327
9507174533354
9507174683592
9507177251989
9507179763275
9507183664513
9507184522737
9507185865833
9507186791896
9507187811128
9507189298194
9507194432859
9507194667954
9507195518767
9507195671684
9507197666831
9507198446258
9507199461458
9507199732145
9507218526755
9507221158721
9507221255383
9507229911762
9507236759791
9507237287446
9507238475958
9507239152285
9507241362245
9507241715348
9507244955659
9507251432846
9507255981685
9507257542532
9507258541541
9507261448738
9507264774131
9507268347416
9507269984931
9507273418286
9507274635828
9507274819945
9507274939667
9507287359513
9507287684813
9507292843434
9507295377578
9507297342918
9507312957592
9507313255338
9507313676645
9507314784486
9507319348652
9507323593574
9507325174344
9507326159456
9507334322392
9507334572162
9507338922567
9507341111972
9507343677797
9507347865824
9507354779718
9507355465436
9507357964425
9507362838865
9507366964416
9507374149485
9507379184184
9507381128664
9507382381815
9507384982942
9507389229455
9507398485514
9507412134763
9507414491345
9507419568219
9507421872519
9507425972536
9507426758290
9507427166513
9507427378831
9507427986463
9507438911515
9507441821580
9507442358245
9507443185123
9507447891273
9507451783540
9507451868353
9507453667398
9507453822896
9507454727848
9507458315461
9507462976627
9507463784887
9507465214887
9507465651576
9507481425144
9507481795193
9507485164643
9507485625656
9507486795150
9507491431753
9507494414944
9507498272953
9507513791162
9507516634695
9507528396697
9507528538493
9507528966562
9507529621934
9507529623648
9507531869959
9507533296463
9507541788226
9507543494583
9507548112215
9507548474948
9507551132316
9507553267559
9507554324480
9507559161431
9507562862172
9507564953458
9507575194826
9507575592196
9507576946578
9507578792371
9507579375214
9507584864512
9507585937918
9507588557472
9507588912851
9507592164819
9507617569384
9507621748331
9507622932197
9507624813272
9507627336440
9507632884288
9507642835829
9507646833586
9507656961712
9507662623895
9507675948527
9507676669889
9507678371964
9507678694193
9507679371338
9507683377920
9507684458536
9507687147437
9507689946250
9507691672970
9507692346412
9507693323412
9507694332925
9507714352186
9507714513952
9507716867534
9507716957877
9507723765144
9507725383452
9507727629817
9507729556142
9507736668654
9507745676343
9507746685696
9507748427362
9507754182941
9507756428443
9507764361985
9507767484377
9507768336491
9507778992960
9507784662123
9507784829298
9507785156829
9507785263541
9507786122465
9507786661858
9507786993119
9507788642671
9507789692958
9507789896851
9507795712923
9507799369819
9507799514738
9507799734860
9507815554144
9507819648337
9507822395341
9507829157317
9507829691347
9507833325580
9507839561555
9507839936568
9507841724764
9507843281555
9507843745828
9507848223888
9507848717882
9507849352631
9507855181935
9507856229377
9507858486518
9507863489214
9507866344244
9507866742781
9507866997495
9507873513442
9507874765482
9507876286213
9507879314562
9507884144918
9507884167450
9507884559545
9507884921694
9507885695792
9507887871958
9507888279654
9507891126280
9507894212478
9507923261927
9507925356713
9507928447579
9507932753574
9507933479794
9507933984199
9507934638411
9507936651739
9507938259117
9507943813472
9507948793786
9507951394635
9507953459813
9507958653285
9507964566470
9507965153280
9507974577787
9507976577167
9507976932942
9507981283145
9507982245869
9507982362467
9507987381449
9507992362679
9507994196562
9507994577750
9508115734762
9508119946475
9508126238662
9508126523676
9508127228785
9508128618684
9508129943440
9508129949220
9508132118651
9508134318226
9508135697856
9508138276324
9508138433451
9508139726392
9508139935565
9508139965210
9508143735267
9508144668182
9508145361259
9508147395665
9508148466722
9508149717731
9508157248555
9508157784886
9508159278154
9508162269279
9508165515298
9508174397762
9508179655263
9508181413448
9508182571383
9508183656850
9508185842787
9508187442626
9508189619248
9508191288814
9508192538611
9508192823311
9508193488557
9508194478465
9508196185316
9508197989197
9508214918384
9508217468541
9508224277594
9508236164875
9508237426323
9508244634391
9508247547599
9508251854133
9508255117876
9508257175454
9508258148778
9508258389119
9508258389119; 9509635312850
9508258642481
9508264146560
9508265614747
9508266577126
9508268219222
9508268835750
9508278711457
9508285412323
9508285541122
9508286622219
9508288532240
9508289557624
9508291254856
9508293965422
9508296214985
9508298584352
9508313953255
9508314481283
9508317413946
9508318881287
9508322836914
9508327964797
9508331691115
9508336363161
9508336838591
9508337942174
9508343854270
9508355249811
9508365869559
9508366371266
9508367622527
9508372898436
9508372973157
9508382923654
9508384461819
9508386457377
9508387387642
9508388588628
9508392833530
9508412147517
9508414117150
9508415727921
9508416758344
9508417651781
9508419428121
9508419691853
9508422512312
9508424998510
9508427599479
9508429594816
9508433294559
9508433915584
9508435734435
9508437246417
9508441262625
9508441733118
9508448634319
9508448768496
9508452974319
9508456365625
9508459288242
9508465896448
9508467975462
9508468173126
9508469755567
9508473897116
9508483686342
9508485313413
9508488372936
9508493245232
9508519975143
9508526172788
9508539959383
9508542321313
9508542382529
9508544745643
9508545232968
9508557661862
9508561638782
9508569211895
9508572296759
9508572511241
9508576236713
9508576574198
9508582669390
9508589712228
9508591426311
9508592616148
9508592637556
9508593771556
9508611686275
9508615786988
9508625189540
9508625299263
9508633572785
9508634147937
9508639686578
9508639816739
9508644153454
9508648428350
9508656926671
9508658141638
9508662373728
9508664412272
9508667187313
9508675138673
9508677975139
9508678554968
9508679534181
9508687896547
9508688379650
9508688993412
9508696681479
9508699324786
9508716921820
9508718299477
9508718618148
9508721883922
9508722891230
9508729471497
9508731616114
9508731688272
9508734473899
9508736654623
9508743438513
9508744735154
9508747465911
9508753123584
9508756236953
9508758782786
9508761618195
9508763899578
9508768221619
9508773547131
9508779998296
9508787578930
9508787855536
9508788431364
9508792325635
9508793572687
9508795895586
9508797895317
9508798943680
9508813213132
9508813449128
9508813545967
9508815313571
9508818665882
9508819168771
9508821998694
9508829126556
9508832539398
9508835236485
9508842726757
9508843282894
9508844382135
9508845879764
9508846142133
9508846746560
9508849488290
9508853729853
9508858559615
9508862552817
9508869982181
9508878162123
9508882193212
9508884876885
9508888563774
9508891629887
9508911414387
9508915565375
9508918399380
9508922635788
9508925215888
9508925478610
9508931911699
9508934856386
9508936153162
9508937572436
9508945534419
9508946424412
9508948126314
9508953626533
9508957513587
9508957951433
9508958187923
9508959452822
9508959897715
9508962513725
9508963434357
9508965644693
9508966681369
9508972123532
9508973953657
9508975977118
9508977272839
9508983489764
9508985576387
9508987826138
9508988433564
9508992821784
9508992872717
9509111326852
9509111792695
9509113432452
9509116724462
9509117274638
9509121666351
9509123299120
9509126198451
9509129998447
9509132265420
9509134497294
9509135951771
9509137796981
9509146671484
9509146676632
9509158644520
9509163541173
9509163917510
9509165186488
9509165666720
9509167334436
9509171284970
9509175613363
9509177454131
9509181194184
9509182228949
9509182298188
9509184757843
9509185236484
9509186673844
9509189424245
9509192277630
9509192634716
9509195219989
9509198957192
9509212297945
9509217118610
9509217453445
9509222227444
9509223567655
9509225633433
9509229174512
9509232995319
9509235471582
9509238764858
9509245751490
9509247219486
9509248878996
9509249755753
9509251893641
9509252941921
9509253364521
9509262973844
9509266351563
9509271445530
9509273955693
9509274851482
9509277951479
9509279268155
9509288533183
9509296517946
9509316581742
9509323578629
9509323828786
9509324683629
9509326356118
9509335228697
9509339866628
9509341745157
9509348478980
9509348697466
9509351252928
9509352976328
9509358184116
9509359519757
9509362646891
9509367267862
9509368265614
9509372319235
9509373856661
9509375258128
9509384691947
9509391281681
9509397331380
9509416126577
9509418736163
9509424148370
9509429928328
9509431947980
9509438933443
9509448362677
9509448773268
9509448965496
9509452112688
9509453947296
9509455416448
9509456738846
9509464968686
9509465279927
9509466262911
9509471377211
9509473661677
9509479417957
9509486546978
9509488456992
9509513465425
9509513695327
9509518432187
9509522975120
9509523226849
9509525371615
9509527172579
9509527691537
9509529468656
9509529756821
9509532874550
9509534322530
9509541354852
9509548943950
9509552447116
9509555455781
9509557598127
9509567591576
9509569841488
9509569922651
9509574386899
9509579316952
9509581889284
9509582565262
9509583918944
9509587325960
9509597725187
9509598656176
9509619971950
9509621893783
9509631475771
9509636837659
9509639712489
9509653784998
9509654292959
9509671849891
9509674192697
9509678784119
9509681723181
9509684826872
9509685855949
9509688515970
9509688956117
9509689386661
9509696811460
9509697626445
9509698538587
9509699849798
9509712365892
9509712441893
9509712988633
9509716435959
9509717684479
9509718314542
9509732616158
9509734478181
9509737568537
9509742737171
9509743338995
9509754766985
9509755199638
9509759855882
9509764939683
9509765721171
9509766154336
9509767271247
9509768836537
9509775619192
9509781612651
9509783758654
9509788281614
9509791588946
9509791861995
9509792855375
9509812782261
9509817751491
9509822126161
9509831491199
9509844334643
9509852288891
9509852881276
9509854558176
9509857113921
9509862241718
9509865236490
9509876835859
9509879694361
9509883525224
9509885431967
9509886573932
9509887271585
9509891564529
9509892912923
9509894616492
9509895158717
9509914122545
9509922273963
9509937565572
9509946867827
9509947263345
9509947457522
9509948278218
9509953352231
9509956217780
9509956578553
9509972836477
9509973742326
9509976237423
9509979951531
9509982581442
9509983293276
9509993698993
9509996167311
9509996819722
9509997268239
9509997474616
9509997575795
9509997836612
